1A|AA1|*|772.59|772.59|1|0|0|0.000000|0.000000|0|0|0.000000|0.0|1|0|0|0|0.000000|43|772.590000|
1A|AAL|*|235.0|240.2|1|2311|35|240.500000|235.000000|7325400|13594700|236.927127|-2.16|1|-75|0|60800|232.980000|47000|235.990000|
1A|AAPL|*|6045.16|6048.09|1|1112|103|6085.000000|6005.350000|12550100|7580600|6064.075016|-0.05|1|-3|0|100|6040.010000|300|6064.990000|
1I|AAXJ|*|2146.0|2131.0|1|49|8|2161.750000|2141.200000|9381000|11210000|2147.741837|0.7|1|59|0|2|2146.000000|300|2155.990000|
1A|ABBV|*|4749.63|4781.85|1|484|2|4749.630000|4726.000000|9235500|8342400|4726.048822|-0.67|1|-39|0|400|4686.310000|600|4799.980000|
1A|ABNB|*|2950.0|2947.64|1|112|7|2959.000000|2900.000000|9355400|9470600|2949.638215|0.08|1|88|0|800|2890.510000|1000|2996.990000|
52|ACTDUAL|B|0.209205|0.209205|1|0|0|0.000000|0.000000|0|0|0.000000|0.0|1|0|0|0|0.000000|0|0.000000|
52|ACTI500|B|9.330261|9.330261|1|0|0|0.000000|0.000000|0|0|0.000000|0.0|1|0|0|0|0.000000|0|0.000000|
52|ACTIAI|B|1.150179|1.150179|1|0|0|0.000000|0.000000|0|0|0.000000|0.0|1|0|0|0|0.000000|0|0.000000|
52|ACTICOB|B|24.360131|24.360131|1|0|0|0.000000|0.000000|0|0|0.000000|0.0|1|0|0|0|0.000000|0|0.000000|
52|ACTICRE|B|28.896771|28.896771|1|0|0|0.000000|0.000000|0|0|0.000000|0.0|1|0|0|0|0.000000|0|0.000000|
52|ACTIG+2|B|1.661697|1.661697|1|0|0|0.000000|0.000000|0|0|0.000000|0.0|1|0|0|0|0.000000|0|0.000000|
52|ACTIG+|B|1.77079|1.77079|1|0|0|0.000000|0.000000|0|0|0.000000|0.0|1|0|0|0|0.000000|0|0.000000|
52|ACTIGOB|B|7.027847|7.027847|1|0|0|0.000000|0.000000|0|0|0.000000|0.0|1|0|0|0|0.000000|0|0.000000|
52|ACTIMED|B|8.281222|8.281222|1|0|0|0.000000|0.000000|0|0|0.000000|0.0|1|0|0|0|0.000000|0|0.000000|
1|ACTINVR|B|22.19|21.5|1|1691|15|22.290000|21.600000|9581800|8414100|21.682714|3.21|1|3|0|1|22.130000|211|22.190000|
52|ACTIPLU|B|1.143099|1.143099|1|0|0|0.000000|0.000000|0|0|0.000000|0.0|1|0|0|0|0.000000|0|0.000000|
52|ACTIREN|B|10.769939|10.769939|1|0|0|0.000000|0.000000|0|0|0.000000|0.0|1|0|0|0|0.000000|0|0.000000|
52|ACTIRVT|B|1.271048|1.271048|1|0|0|0.000000|0.000000|0|0|0.000000|0.0|1|0|0|0|0.000000|0|0.000000|
52|ACTIVAR|B|124.11692|124.11692|1|0|0|0.000000|0.000000|0|0|0.000000|0.0|1|0|0|0|0.000000|0|0.000000|
1I|ACWI|*|2908.11|2914.71|1|18821|12|2915.000000|2907.360000|8494300|11574500|2907.466300|-0.23|1|-14|0|1|2900.990000|0|0.000000|
1|AC|*|195.57|193.9|1|1714916|9407|196.440000|191.840000|13374700|9532300|194.390788|0.86|1|54|0|12000|195.080000|8005|195.990000|
1A|AFRM|*|1270.0|1270.0|1|0|0|0.000000|0.000000|0|0|0.000000|0.0|1|0|0|800|1256.610000|1200|1318.390000|
1A|AGNC|*|160.5|164.0|1|4016|37|165.000000|160.000000|9061900|9363400|162.667656|-2.13|1|-74|0|19|159.450000|44799|163.190000|
1|ALPEK|A|14.75|14.75|1|5537721|17838|14.850000|14.570000|11160000|7432500|14.748270|0.0|1|0|0|423|14.730000|9118|14.750000|
1|ALSEA|*|45.79|45.39|1|1230594|7746|46.000000|44.640000|13532600|9544100|45.383982|0.88|1|53|0|16202|45.600000|16600|45.880000|
52|ALTERN|B|6.535605|6.535605|1|0|0|0.000000|0.000000|0|0|0.000000|0.0|1|0|0|0|0.000000|0|0.000000|
1A|AMAT|*|9797.0|9733.0|1|12921|31|9865.000000|9753.690000|10121900|13245300|9810.539563|0.66|1|65|0|1|9732.490000|3|9950.000000|
1A|AMD|*|11554.0|11319.99|1|3097|111|11700.000000|11279.000000|8250100|7300000|11504.017238|2.07|1|18|0|3|11480.000000|100|11514.900000|
1|AMX|B|19.36|18.98|1|49697227|19976|19.420000|18.870000|13193900|7321700|19.213157|2.0|1|20|0|38899|19.340000|4000|19.390000|
1A|AMZN|*|4570.0|4544.8|1|14614|334|4606.660000|4546.000000|7325000|7300000|4571.853004|0.55|1|71|0|37|4565.000000|25|4580.000000|
1B|ANGELD|10|24.22|23.77|1|58222|23|24.300000|23.310000|13542300|9160500|24.191523|1.8900000000000001|1|22|0|265|24.150000|1|24.300000|
1|ASUR|B|426.45|424.57|1|721125|14828|433.190000|421.190000|7480200|9222600|425.753312|0.44|1|75|0|705|425.150000|7125|427.840000|
1A|AVGO|*|6452.0|6290.5|1|37106|201|6500.000000|6328.000000|7300000|7324300|6417.743453|2.57|1|10|0|12|6433.000000|4|6450.000000|
1A|AXP|*|5499.0|5522.31|1|109|19|5520.000000|5455.000000|7300200|9113500|5475.825413|-0.42|1|-24|0|4|5495.500000|300|5612.980000|
1A|BABA|N|1922.0|1965.0|1|2572|126|1954.000000|1912.500000|7323400|9364500|1923.133678|-2.19|1|-76|0|1200|1918.520000|1200|1929.520000|
1A|BAC|*|976.0|984.5|1|1598|40|991.890000|970.000000|7534000|7574500|976.870450|-0.86|1|-45|0|1500|976.010000|3700|977.990000|
1A|BA|*|3565.0|3485.9|1|130|10|3565.000000|3472.460000|13145500|9281200|3499.117231|2.27|1|13|0|1013|3440.420000|1000|3525.950000|
41|BBAJIO|O|56.83|56.97|1|3409818|10287|57.150000|55.900000|13312300|11370100|56.667386|-0.25|1|-15|0|10700|56.660000|10411|56.990000|
1I|BIL|*|1660.53|1678.0|1|70545|16|1662.660000|1660.530000|11560100|13532600|1662.498999|-1.04|1|-49|0|4200|1659.960000|12600|1684.990000|
1|BIMBO|A|55.1|55.05|1|1742882|9649|55.390000|54.450000|7300000|9120500|54.974734|0.09|1|87|0|2500|55.040000|29535|55.250000|
1A|BMY|*|1103.62|1128.94|1|4|1|1103.620000|1103.620000|10523800|10523800|1103.620000|-2.24|1|-78|0|1100|1085.420000|2200|1138.990000|
1|BOLSA|A|38.28|37.75|1|1066286|5072|38.400000|37.460000|13382200|9093800|38.036576|1.4|1|31|0|9900|38.150000|10100|38.380000|
1I|BOTZ|*|655.72|642.0|1|100|17|655.990000|642.010000|13391000|7300000|652.024600|2.14|1|16|0|3000|651.010000|1500|655.990000|
1A|BRKB|*|9136.0|9110.01|1|376|23|9170.620000|9124.990000|11481900|10562000|9151.863324|0.29|1|81|0|1|9128.000000|400|9177.990000|
1A|BYND|*|0.0|0.0|1|0|0|0.000000|0.000000|0|0|0.000000|0.0|1|0|0|0|0.000000|0|0.000000|
1A|B|N|0.0|0.0|1|0|0|0.000000|0.000000|0|0|0.000000|0.0|1|0|0|0|0.000000|0|0.000000|
1A|CAT|*|15360.42|15100.0|1|313|15|15466.950000|15207.580000|11512700|9271700|15389.180831|1.72|1|25|0|600|15300.020000|3|15490.000000|
1A|CCL1|N|469.9|460.0|1|39|2|469.900000|468.000000|13391600|13293800|469.851282|2.15|1|15|0|400|467.000000|55|469.900000|
1|CEMEX|CPO|17.44|17.25|1|27073656|15452|17.610000|17.080000|13170100|7561400|17.402240|1.1|1|41|0|40600|17.390000|6066|17.420000|
1|CHDRAUI|B|85.39|85.82|1|461699|5841|86.830000|84.100000|7381500|10100000|85.055358|-0.5|1|-29|0|1874|85.350000|700|85.660000|
1A|CLF|*|205.2|206.25|1|65|1|205.200000|205.200000|13562800|13562800|205.200000|-0.51|1|-32|0|17200|200.010000|8600|209.990000|
1A|COST|*|16720.0|16876.2|1|212|19|16876.000000|16600.000000|7300000|7560900|16670.533019|-0.93|1|-48|0|100|16700.010000|2268|16749.970000|
1A|CRM|*|4243.81|4330.1|1|1795|28|4315.000000|4243.810000|8363300|13555900|4290.678295|-1.99|1|-70|0|2500|4225.010000|300|4340.960000|
1A|CSCO|*|2033.5|1997.0|1|168|13|2035.580000|1991.000000|13332600|7414100|2015.183452|1.83|1|23|0|1600|2030.110000|5|2043.990000|
1|CUERVO|*|13.98|14.03|1|1103383|5113|14.200000|13.870000|8491100|8294400|14.013440|-0.36|1|-19|0|13986|13.910000|27890|14.030000|
1A|CVS|*|1572.84|1557.0|1|1|1|1572.840000|1572.840000|11471400|11471400|1572.840000|1.02|1|45|0|2000|1550.010000|1600|1587.480000|
1A|CVX|*|3785.14|3770.0|1|29|3|3785.140000|3750.000000|12301600|7404200|3777.354138|0.4|1|77|0|500|3600.010000|2|3780.000000|
1A|C|*|2334.35|2332.83|1|1584|5|2335.000000|2325.010000|13471100|11274900|2334.877823|0.07|1|89|0|1500|2287.810000|300|2357.990000|
1A|DAL|*|1549.8|1528.0|1|12|2|1550.000000|1549.800000|7300000|8251800|1549.833333|1.43|1|29|0|2000|1511.010000|2410|1547.980000|
1B|DIABLOI|10|10.83|10.91|1|256959|17|10.990000|10.710000|10010700|13295700|10.917326|-0.73|1|-42|0|100|10.720000|70|10.900000|
1I|DIA|*|9330.0|9335.0|1|28|6|9389.450000|9300.000000|8590000|8150400|9379.885714|-0.05|1|-2|0|1800|9076.810000|1500|9485.990000|
52|DINAMO|B|3.120463|3.120463|1|0|0|0.000000|0.000000|0|0|0.000000|0.0|1|0|0|0|0.000000|0|0.000000|
1A|DIS|*|1867.0|1855.0|1|338|23|1867.000000|1850.000000|12493700|7300100|1860.931420|0.65|1|66|0|1200|1800.010000|300|1869.990000|
1A|DVN|*|866.27|866.27|1|0|0|0.000000|0.000000|0|0|0.000000|0.0|1|0|0|4500|842.410000|1515|879.990000|
1I|EEM|*|1233.0|1223.0|1|50|10|1240.000000|1230.000000|11374500|8295800|1234.132200|0.82|1|56|0|14500|1223.010000|8700|1253.990000|
52|ESCALA|B|1.225674|1.225674|1|0|0|0.000000|0.000000|0|0|0.000000|0.0|1|0|0|0|0.000000|0|0.000000|
52|ESFERA|B|1.492434|1.492434|1|0|0|0.000000|0.000000|0|0|0.000000|0.0|1|0|0|0|0.000000|0|0.000000|
1A|ETSY|*|1337.98|1337.98|1|0|0|0.000000|0.000000|0|0|0.000000|0.0|1|0|0|0|0.000000|1|1420.000000|
1I|EWZ|*|694.25|680.68|1|7248|17|694.410000|673.000000|13442000|8245600|687.147218|1.99|1|21|0|41200|688.010000|30600|696.590000|
1A|FANG|*|3430.0|3407.59|1|3|1|3430.000000|3430.000000|8222200|8222200|3430.000000|0.66|1|64|0|0|0.000000|7|3430.000000|
1I|FAS|*|2565.0|2584.0|1|2664|57|2625.000000|2535.360000|12404200|9243900|2576.547257|-0.74|1|-43|0|3200|2550.010000|2253|2608.190000|
1I|FAZ|*|737.0|737.0|1|0|0|0.000000|0.000000|0|0|0.000000|0.0|1|0|0|4800|701.810000|7200|736.590000|
1A|FCX|*|1308.0|1274.0|1|257|7|1320.000000|1300.000000|8354800|11043900|1311.206148|2.67|1|9|0|2500|1303.010000|2000|1309.990000|
1A|FDX|*|5262.0|5281.75|1|1|1|5262.000000|5262.000000|11125200|11125200|5262.000000|-0.37|1|-20|0|100|5212.070000|300|5426.590000|
1|FEMSA|UBD|209.62|210.7|1|3081423|17809|212.100000|205.980000|7303100|9092300|208.963798|-0.51|1|-31|0|3000|209.530000|6325|210.000000|
CF|FIBRAMQ|12|44.94|44.23|1|680302|1226|45.810000|44.000000|13233500|7302800|44.912694|1.6099999999999999|1|28|0|3900|44.720000|128|45.100000|
CF|FIBRAPL|14|75.69|74.68|1|1980494|5512|76.030000|73.760000|13311500|7300800|75.610719|1.35|1|32|0|5100|75.490000|3700|75.950000|
1A|FSLR|*|3200.0|3165.0|1|21|14|3244.140000|3177.260000|9330700|7322100|3225.958571|1.11|1|40|0|200|3170.030000|500|3211.850000|
1A|FUBO|*|165.0|163.11|1|30|1|165.000000|165.000000|8131500|8131500|165.000000|1.16|1|38|0|2|165.000000|1|183.000000|
CF|FUNO|11|29.9|29.7|1|7904148|17500|30.030000|29.260000|13240500|9090800|29.827609|0.67|1|62|0|14542|29.840000|26800|29.960000|
1A|F|*|218.0|222.5|1|11|4|222.000000|218.000000|7311500|10433000|221.005455|-2.02|1|-73|0|32400|218.450000|32400|220.880000|
1|GAP|B|364.81|358.4|1|1239443|19873|369.110000|358.440000|8540500|7313700|364.646582|1.79|1|24|0|1326|364.510000|8510|366.440000|
1|GCARSO|A1|137.88|137.0|1|406992|3785|138.590000|133.500000|13595100|10131400|136.690178|0.64|1|67|0|62|137.500000|100|138.610000|
1|GCC|*|177.6|175.31|1|217699|3607|178.890000|174.500000|13164000|8150500|176.969259|1.31|1|33|0|1972|176.880000|1100|178.080000|
1I|GDX|*|1590.0|1601.5|1|560|10|1605.120000|1572.000000|7574700|9475000|1598.148572|-0.72|1|-41|0|1800|1586.240000|3800|1719.990000|
1|GENTERA|*|37.1|36.64|1|3639644|12992|37.330000|36.210000|13255600|8080100|36.906523|1.26|1|34|0|1579|37.020000|2502|37.080000|
1A|GE|*|5660.0|5700.0|1|83|15|5732.000000|5626.720000|7512800|8355600|5670.186384|-0.7|1|-40|0|600|5484.010000|436|5644.980000|
1|GFINBUR|O|41.06|40.76|1|1439000|7734|41.200000|40.520000|13544500|10112500|40.944255|0.74|1|58|0|10900|40.940000|9229|41.180000|
1|GFNORTE|O|190.25|187.24|1|7872830|38229|191.300000|184.900000|13285100|9591500|188.925298|1.6099999999999999|1|27|0|4900|189.840000|14100|190.990000|
1I|GLD|*|6896.64|7010.01|1|210|41|6984.750000|6896.640000|8292900|11455300|6916.769047|-1.62|1|-66|0|200|6896.650000|2200|6939.990000|
1|GMEXICO|B|232.79|224.19|1|6969337|25918|233.950000|223.660000|13200900|9255800|230.733514|3.84|1|2|0|60|232.400000|994|232.890000|
1A|GME|*|448.0|448.5|1|787|9|448.000000|435.000000|13490100|9161200|444.570521|-0.11|1|-7|0|1|390.110000|1600|448.990000|
1A|GM|*|1464.11|1456.82|1|1|1|1464.110000|1464.110000|7300100|7300100|1464.110000|0.5|1|73|0|1000|1402.320000|1000|1437.460000|
1A|GOOGL|*|6240.0|6181.01|1|3012|182|6276.040000|6200.020000|8374500|9350100|6247.814998|0.95|1|48|0|100|6221.410000|500|6247.990000|
1|GRUMA|B|237.31|238.49|1|516583|12111|239.550000|234.690000|7512000|11183200|236.689885|-0.49|1|-28|0|2947|237.860000|2440|238.090000|
1A|HD|*|5145.6|5082.8|1|39|15|5214.390000|5110.000000|8325600|9203500|5148.784871|1.24|1|35|0|2|5121.000000|600|5199.990000|
1I|IAU|*|1417.74|1436.0|1|6164|112|1448.600000|1413.350000|7300000|11290900|1417.950764|-1.27|1|-54|0|14|1415.000000|9999|1421.390000|
1I|ICLN|*|312.8|310.0|1|3096|8|313.000000|311.570000|9022700|13010800|311.617222|0.9|1|51|0|59000|311.010000|11800|312.980000|
1I|INDA|*|846.0|850.4|1|156|15|855.000000|846.000000|8170200|13542500|847.832628|-0.52|1|-33|0|5|845.000000|12900|856.780000|
1A|INTC|*|2177.0|2196.0|1|12100|146|2281.000000|2150.000000|8041700|11261000|2228.458189|-0.87|1|-47|0|2100|2162.020000|2800|2199.990000|
1I|IVV|*|14041.13|14100.01|1|13006|45|14166.320000|14015.000000|7300000|8001000|14065.125070|-0.42|1|-23|0|1|14034.950000|200|14075.000000|
1A|JNJ|*|4650.0|4764.0|1|4|4|4700.000000|4650.000000|12054400|13125100|4666.482500|-2.39|1|-79|0|500|4590.010000|600|4737.480000|
52|JPMRVUS|B-1|1.348956|1.348956|1|0|0|0.000000|0.000000|0|0|0.000000|0.0|1|0|0|0|0.000000|0|0.000000|
1A|JPM|*|6050.0|6089.72|1|80|13|6088.000000|6031.900000|7300000|11381300|6037.290249|-0.65|1|-36|0|1|6032.000000|5|6089.510000|
1|KIMBER|A|37.78|37.39|1|5891936|13590|37.910000|36.850000|13332900|9475700|37.353754|1.04|1|44|0|36198|37.600000|10966|37.790000|
1|KOF|UBL|193.8|193.14|1|680360|5282|194.840000|189.580000|13193100|10164200|193.173113|0.34|1|78|0|100|193.400000|9300|194.580000|
1A|KO|*|1556.0|1581.0|1|1228|59|1589.000000|1550.000000|7300000|8561800|1552.108258|-1.58|1|-63|0|1|1553.000000|4|1559.000000|
1I|KWEB|*|433.8|446.0|1|601|11|440.000000|433.800000|7300000|13594500|436.628951|-2.74|1|-81|0|10|433.800000|24600|443.990000|
1|LAB|B|12.82|12.56|1|5442799|8139|12.860000|12.420000|13484100|9254700|12.661633|2.07|1|19|0|42371|12.750000|21919|12.830000|
1|LASITE|B-1|3.12|3.12|1|0|0|0.000000|0.000000|0|0|0.000000|0.0|1|0|0|0|0.000000|0|0.000000|
1A|LCID|*|75.0|76.7|1|751|24|76.000000|74.500000|10014200|8043900|75.048734|-2.22|1|-77|0|1|74.550000|100|76.000000|
1I|LIT|*|1249.0|1236.0|1|18|2|1250.000000|1249.000000|8385600|11091300|1249.166667|1.05|1|43|0|1|1238.000000|500|1264.980000|
1|LIVEPOL|C-1|101.88|104.5|1|119919|811|105.840000|101.000000|7360800|12411800|102.020667|-2.51|1|-80|0|1000|101.790000|50|102.390000|
1A|LLY|*|20852.0|21080.0|1|75|29|21400.000000|20750.000000|7300000|9560300|20849.296400|-1.08|1|-51|0|2|20766.000000|600|20931.620000|
1A|LUV|*|755.0|755.0|1|0|0|0.000000|0.000000|0|0|0.000000|0.0|1|0|0|0|0.000000|3|800.000000|
1A|LVS|*|660.0|680.0|1|240|20|680.700000|660.000000|8404000|13451900|670.397084|-2.94|1|-84|0|1000|639.910000|2006|688.490000|
1A|MARA|*|205.0|204.0|1|33455|280|222.050000|201.900000|7394600|11154100|212.388379|0.49|1|74|0|27600|203.160000|55500|209.110000|
52|MAXIMO|B|1.206468|1.206468|1|0|0|0.000000|0.000000|0|0|0.000000|0.0|1|0|0|0|0.000000|0|0.000000|
52|MAYA|B|49.891129|49.891129|1|0|0|0.000000|0.000000|0|0|0.000000|0.0|1|0|0|0|0.000000|0|0.000000|
1A|MA|*|10090.2|10110.0|1|96|13|10100.000000|9866.010000|13063500|8023600|10027.885834|-0.2|1|-10|0|100|10014.710000|2|10249.990000|
1A|MCD|*|4215.0|4277.99|1|437|50|4250.000000|4200.000000|7300000|7373500|4209.765032|-1.47|1|-60|0|2|4210.010000|100|4239.990000|
1I|MCHI|*|937.73|955.99|1|2349|20|946.160000|929.000000|7300000|9441400|932.662601|-1.9100000000000001|1|-69|0|1|930.500000|11400|957.590000|
1|MEGA|CPO|51.88|51.03|1|973605|5453|52.200000|50.380000|13255600|8153500|51.469684|1.67|1|26|0|576|51.710000|45|52.160000|
1A|MELI|N|30800.0|30867.62|1|119|41|30948.000000|30599.650000|8411400|10380200|30719.743277|-0.22|1|-11|0|1|30760.000000|400|30999.990000|
1A|META|*|13230.0|13260.0|1|1723|142|13454.000000|13198.740000|7313000|13421300|13279.755430|-0.23|1|-12|0|40|13200.010000|3|13269.990000|
1|MFRISCO|A-1|19.29|19.6|1|22496|270|19.730000|19.080000|7300000|7412200|19.212507|-1.58|1|-64|0|100|19.200000|216|19.290000|
1A|MRK|*|2620.0|2641.61|1|155|12|2626.060000|2612.000000|11343900|10592600|2613.260388|-0.82|1|-44|0|1|2159.000000|3|2628.400000|
1A|MRNA|*|3445.0|3490.0|1|4113|32|3490.000000|3349.770000|7451300|8524100|3360.582156|-1.29|1|-56|0|4|3422.870000|11|3460.000000|
1A|MSFT|*|9390.0|9369.99|1|1175|89|9490.000000|9340.000000|7344600|9180100|9369.176543|0.21|1|84|0|1|9352.000000|2|9398.880000|
1A|MU|*|19500.0|20060.0|1|3954|305|20199.920000|19480.000000|7320600|13350800|19695.387833|-2.79|1|-82|0|400|19470.010000|43|19539.700000|
1B|NAFTRAC|ISHRS|64.17|63.5|1|3120783|985|64.380000|62.900000|13165600|9255900|63.857031|1.06|1|42|0|225000|64.070000|10|64.400000|
1A|NCLH|N|275.0|268.65|1|274|15|275.000000|265.000000|13372500|8000300|272.834598|2.36|1|11|0|60600|272.010000|30300|275.990000|
1A|NFLX|*|1225.09|1241.1|1|11788|770|1250.000000|1215.000000|7404700|9571000|1223.957896|-1.29|1|-55|0|5|1217.530000|5539|1229.980000|
1A|NKE|*|614.01|641.71|1|10258|357|619.000000|583.070000|12495100|7332200|602.898785|-4.32|1|-87|0|4|614.000000|16839|618.990000|
1A|NU|N|244.22|243.0|1|41837|495|245.000000|236.000000|13185500|7370300|241.439994|0.5|1|72|0|90|244.220000|75000|244.990000|
1A|NVAX|*|196.0|196.0|1|0|0|0.000000|0.000000|0|0|0.000000|0.0|1|0|0|8400|181.710000|2800|195.490000|
1A|NVDA|*|4245.0|4216.01|1|14926|454|4320.000000|4243.590000|8253000|13295900|4283.306510|0.69|1|61|0|2393|4240.010000|2|4250.000000|
1|OMA|B|214.14|214.88|1|770074|5518|218.460000|210.330000|7492600|11304300|213.474718|-0.34|1|-18|0|597|213.650000|11000|214.460000|
52|OPORT1|B|7.976672|7.976672|1|0|0|0.000000|0.000000|0|0|0.000000|0.0|1|0|0|0|0.000000|0|0.000000|
1|ORBIA|*|20.23|19.69|1|3295611|10123|20.300000|19.550000|13224400|7300000|19.953197|2.74|1|8|0|24900|20.170000|20700|20.280000|
1A|ORCL|*|2587.62|2530.0|1|11068|220|2634.070000|2552.000000|8295000|7300000|2595.514862|2.2800000000000002|1|12|0|8|2581.000000|1|2600.000000|
1A|OXY1|*|1045.84|1051.0|1|101|2|1051.100000|1045.840000|10264000|13041100|1051.047921|-0.49|1|-27|0|2400|1040.010000|3|1056.000000|
1|PE&OLES|*|882.36|883.26|1|262674|11044|889.000000|864.230000|8054700|9542000|879.823516|-0.1|1|-6|0|1495|883.020000|1010|884.880000|
1A|PEP|*|2286.0|2300.0|1|104|36|2317.990000|2274.360000|7300000|7404100|2287.452981|-0.61|1|-35|0|22|2285.000000|15|2296.000000|
1A|PFE|*|505.0|515.37|1|72|15|512.790000|502.000000|7300000|12504800|504.807777|-2.01|1|-72|0|2|499.560000|14200|505.990000|
1A|PG|*|2649.0|2650.0|1|65|18|2657.400000|2615.000000|7300000|10403500|2632.368615|-0.04|1|-1|0|1500|2597.420000|900|2654.990000|
1|PINFRA|*|272.2|270.67|1|342074|9968|274.200000|267.370000|13215700|10115100|271.414975|0.57|1|70|0|450|271.830000|1973|273.240000|
1A|PINS|*|349.0|349.5|1|1757|6|350.500000|348.990000|12010300|13554100|350.240410|-0.14|1|-8|0|4600|341.630000|9200|353.980000|
1A|PLTR|*|3430.0|3496.0|1|742|41|3529.970000|3430.000000|7341800|11271600|3484.851415|-1.8900000000000001|1|-68|0|1200|3410.010000|1200|3451.990000|
52|PROTEGE|B-1|22.143323|22.143323|1|0|0|0.000000|0.000000|0|0|0.000000|0.0|1|0|0|0|0.000000|0|0.000000|
1I|PSQ|*|445.96|454.44|1|257|1|445.960000|445.960000|13073700|13073700|445.960000|-1.87|1|-67|0|48000|435.610000|48000|457.190000|
1A|PYPL|*|958.0|973.11|1|1614|28|969.760000|955.460000|7430200|10275900|961.701464|-1.55|1|-62|0|4400|955.010000|6600|963.980000|
1I|QCLN|*|902.0|877.0|1|65|3|910.060000|877.000000|9441200|9441200|905.558154|2.85|1|5|0|0|0.000000|40|910.060000|
1A|QCOM|*|3361.49|3380.0|1|465|34|3420.000000|3361.490000|8560500|13580200|3379.683484|-0.55|1|-34|0|800|3335.010000|1|3360.000000|
1I|QLD|*|1788.0|1767.81|1|146|6|1802.100000|1755.000000|8225500|10203500|1801.172055|1.1400000000000001|1|39|0|0|0.000000|6000|1793.070000|
1I|QQQ|*|13618.43|13601.03|1|1910|89|13705.000000|13562.040000|8233300|7300000|13629.310116|0.13|1|86|0|2|13600.010000|675|13621.720000|
1|Q|*|150.21|149.33|1|1134152|4610|150.950000|147.500000|13172900|9222500|149.702848|0.59|1|69|0|18600|149.850000|7200|150.720000|
1A|RCL|*|5045.0|5000.0|1|101|14|5070.220000|4984.180000|9360300|7300000|5037.405050|0.9|1|52|0|200|5031.010000|500|5084.970000|
1A|RIOT|*|356.8|354.6|1|2635|56|380.000000|355.140000|8030400|12482000|359.971355|0.62|1|68|0|5200|357.010000|1|362.770000|
1A|RIVN|*|257.5|273.14|1|4909|83|277.760000|254.200000|7301200|8011300|259.936543|-5.73|1|-89|0|16200|257.010000|24300|264.980000|
52|ROBOTIK|B|1.97246|1.97246|1|0|0|0.000000|0.000000|0|0|0.000000|0.0|1|0|0|0|0.000000|0|0.000000|
1A|ROKU|*|0.0|0.0|1|0|0|0.000000|0.000000|0|0|0.000000|0.0|1|0|0|0|0.000000|0|0.000000|
1|R|A|138.38|134.29|1|570835|4440|138.780000|133.800000|13260800|7425000|137.206473|3.05|1|4|0|3772|137.860000|100|138.770000|
52|SALUD|B|5.153505|5.153505|1|0|0|0.000000|0.000000|0|0|0.000000|0.0|1|0|0|0|0.000000|0|0.000000|
1A|SBUX|*|1726.0|1730.0|1|93|7|1737.990000|1716.700000|10411600|9270500|1730.183333|-0.23|1|-13|0|800|1710.010000|800|1725.990000|
1A|SHOP|N|2760.0|2732.0|1|86|12|2780.000000|2755.000000|7300000|12595000|2756.639534|1.02|1|46|0|1000|2681.410000|800|2779.990000|
1I|SHV|*|1999.19|2012.5|1|244513|96|2005.410000|1972.250000|13014200|7300000|2002.093934|-0.66|1|-38|0|134|1999.000000|54300|2000.990000|
1I|SHY|*|1474.0|1483.61|1|44404|5|1474.470000|1472.800000|13222400|8303000|1474.129821|-0.65|1|-37|0|1|1442.300000|5|1485.000000|
1|SIGMAF|A|0.0|0.0|1|0|0|0.000000|0.000000|0|0|0.000000|0.0|1|0|0|0|0.000000|0|0.000000|
1|SITES1|A-1|16.65|16.61|1|27006|136|16.750000|16.280000|9215100|7300000|16.591292|0.24|1|82|0|16311|16.610000|300|16.690000|
1I|SLV|*|992.3|1007.8|1|1736|91|1010.000000|981.600000|7493800|9591400|999.109341|-1.54|1|-61|0|3600|993.010000|14400|996.240000|
1A|SOFI|*|287.0|290.02|1|10195|128|294.000000|285.510000|7353800|13490000|290.966142|-1.04|1|-50|0|1|286.520000|63000|290.970000|
1I|SOXL|*|2970.03|2805.0|1|117107|1450|3084.740000|2959.000000|8050000|11303100|3030.899231|5.88|1|1|0|1|2968.000000|3000|2972.540000|
1I|SOXS|*|540.0|580.29|1|72224|689|554.500000|518.000000|7300000|8051900|532.001221|-6.9399999999999995|1|-90|0|7|538.120000|6862|545.000000|
1I|SOXX|*|10700.0|10570.0|1|1228|64|10911.990000|10570.010000|8013200|7300000|10754.026189|1.23|1|36|0|400|10668.180000|3593|10797.760000|
1A|SPCE|*|54.55|55.19|1|1621|30|56.000000|53.840000|8190500|10092800|55.206741|-1.16|1|-52|0|30140|54.600000|7|55.040000|
1I|SPXL|*|5245.0|5172.3|1|1528|20|5290.000000|5213.690000|8244100|8004600|5272.275936|1.41|1|30|0|2000|5220.010000|202|5250.000000|
1I|SPXS|*|442.0|451.0|1|321|10|442.000000|430.000000|13571700|7400100|439.244174|-2.0|1|-71|0|40500|430.020000|32400|444.100000|
1I|SPYM|*|0.0|0.0|1|0|0|0.000000|0.000000|0|0|0.000000|0.0|1|0|0|0|0.000000|0|0.000000|
1I|SPY|*|13980.0|14036.0|1|2243|36|14103.550000|13950.010000|12481400|9391100|13992.842822|-0.4|1|-22|0|800|13950.010000|1200|13995.990000|
1I|SQQQ|*|607.3|625.34|1|2409|58|629.690000|589.000000|7300000|8421500|597.586385|-2.88|1|-83|0|4|601.010000|90|606.000000|
1I|TAN|*|789.7|789.7|1|53|1|789.700000|789.700000|10410800|10410800|789.700000|0.0|1|0|0|0|0.000000|5|789.700000|
1I|TECL|*|4492.0|4399.0|1|1817|16|4542.000000|4475.000000|8023500|11492700|4493.430402|2.11|1|17|0|10|4448.520000|1600|4499.990000|
1I|TECS|*|890.11|937.0|1|2|2|900.020000|890.110000|7312200|7312200|895.065000|-5.0|1|-88|0|1400|869.010000|10|999.960000|
52|TEMATIK|B|15.066486|15.066486|1|0|0|0.000000|0.000000|0|0|0.000000|0.0|1|0|0|0|0.000000|0|0.000000|
1A|TGT|*|2810.0|2900.0|1|4|2|2825.000000|2810.000000|11085900|11432200|2813.750000|-3.1|1|-85|0|600|2680.120000|600|2863.980000|
1|TLEVISA|CPO|8.21|8.13|1|5193585|14956|8.290000|7.980000|13211400|8013500|8.122597|0.98|1|47|0|2|8.200000|10600|8.220000|
1I|TLT|*|1411.0|1428.0|1|349|8|1434.570000|1410.000000|7300000|10394700|1411.239455|-1.19|1|-53|0|3|1406.000000|29|1418.000000|
1A|TMO|*|11885.0|12290.0|1|47|2|11885.000000|11885.000000|10355900|10355900|11885.000000|-3.3|1|-86|0|400|11651.010000|2024|12128.490000|
1I|TNA|*|1087.0|1079.86|1|1489|26|1120.000000|1087.000000|8123800|13595400|1091.226239|0.66|1|63|0|500|1087.000000|216|1120.000000|
1I|TQQQ|*|1470.0|1437.5|1|27368|174|1498.860000|1460.000000|8291200|9152500|1478.216866|2.26|1|14|0|15000|1466.040000|10000|1474.970000|
1A|TSLA|*|6720.0|6535.0|1|3150|216|6800.000000|6535.000000|13405200|7300300|6753.305634|2.83|1|6|0|5|6700.030000|400|6739.990000|
1A|TSM|N|8621.5|8390.0|1|3232|87|8643.000000|8465.000000|9535900|7425500|8554.476581|2.76|1|7|0|1275|8581.440000|645|8596.990000|
1A|TWLO|*|0.0|0.0|1|0|0|0.000000|0.000000|0|0|0.000000|0.0|1|0|0|0|0.000000|0|0.000000|
1A|TX|*|1025.66|1018.54|1|30|6|1026.400000|1020.870000|13340600|7300100|1022.270334|0.7|1|60|0|1000|1004.310000|1000|1052.680000|
1I|TZA|*|888.0|888.0|1|0|0|0.000000|0.000000|0|0|0.000000|0.0|1|0|0|12600|813.710000|30|850.000000|
1A|T|*|444.21|446.36|1|75|8|449.450000|439.790000|7300000|9335500|447.048934|-0.48|1|-26|0|51000|434.020000|1|449.440000|
1A|UAL|*|2056.0|2049.98|1|21|2|2056.000000|2041.000000|13571100|13550700|2041.714286|0.29|1|80|0|900|2000.810000|1200|2056.980000|
1A|UBER|*|1241.0|1241.8|1|5100|297|1253.100000|1222.000000|7300000|8001100|1236.171235|-0.06|1|-4|0|1|1235.020000|4488|1249.470000|
1A|UNH|*|6715.02|6687.0|1|81|13|6806.150000|6630.000000|12495600|7423200|6654.693085|0.42|1|76|0|400|6715.020000|400|6889.990000|
1A|UPST|*|415.0|421.0|1|101|2|418.000000|415.000000|10022300|13500100|415.029703|-1.43|1|-58|0|6800|410.160000|5100|423.990000|
1I|USO|*|1497.38|1497.38|1|0|0|0.000000|0.000000|0|0|0.000000|0.0|1|0|0|0|0.000000|0|0.000000|
1I|VEA|*|1293.99|1284.0|1|1622|63|1296.120000|1284.410000|7300000|9274500|1288.547356|0.78|1|57|0|1|1290.020000|11167|1293.990000|
1|VESTA|*|59.13|58.65|1|1560005|9240|59.230000|58.500000|13455400|9065200|58.956595|0.82|1|55|0|35300|58.970000|2102|59.180000|
1I|VGT|*|2333.1|2328.0|1|888|57|2349.980000|2330.580000|7513300|9465300|2339.468539|0.22|1|83|0|4500|2322.220000|6000|2334.310000|
1I|VNQ|*|1630.0|1635.0|1|162|25|1639.000000|1620.850000|7300000|10315300|1631.043026|-0.31|1|-17|0|1|1625.000000|13200|1634.990000|
1|VOLAR|A|11.92|11.81|1|2497923|8217|12.120000|11.660000|7303100|9563100|11.858761|0.93|1|49|0|23200|11.860000|150|11.930000|
1I|VOO|*|12854.28|12871.72|1|9747|198|12941.900000|12830.000000|7300000|8000800|12866.382479|-0.14|1|-9|0|420|12835.400000|200|12854.990000|
1I|VTI|*|6870.0|6870.0|1|422|8|6899.990000|6870.000000|9035000|13554000|6884.046919|0.0|1|0|0|600|6860.010000|1200|6883.990000|
1I|VT|*|2891.0|2899.02|1|1065|57|2952.600000|2885.000000|7300000|9135200|2891.250489|-0.28|1|-16|0|34|2891.000000|4800|2899.990000|
1I|VWO|*|1080.16|1081.0|1|1481|56|1088.990000|1079.000000|7594100|9462500|1080.562560|-0.08|1|-5|0|6579|1080.160000|6600|1082.990000|
1I|VYM|*|2850.0|2823.99|1|277|16|2890.000000|2829.030000|7300000|8001000|2832.805884|0.92|1|50|0|4800|2835.010000|6000|2851.990000|
1A|VZ|*|836.0|848.42|1|25|7|848.820000|835.000000|8152300|9271000|836.722000|-1.46|1|-59|0|14000|817.410000|14000|884.990000|
1A|V|*|6557.0|6590.0|1|669|29|6584.760000|6500.000000|11043500|7584600|6547.416935|-0.5|1|-30|0|200|6513.010000|600|6589.990000|
1|WALMEX|*|46.17|46.57|1|17016546|25923|46.410000|45.150000|7300000|9243400|45.967363|-0.86|1|-46|0|18355|46.100000|36271|46.280000|
1A|WFC|*|1464.03|1462.0|1|65|5|1471.350000|1464.030000|13311400|12250100|1464.142615|0.14|1|85|0|2800|1427.820000|4200|1498.580000|
1A|WMT|*|1890.01|1917.15|1|1175|28|1905.550000|1885.000000|7300300|8102400|1896.757166|-1.42|1|-57|0|89|1893.000000|2600|1895.990000|
1A|WYNN|*|0.0|0.0|1|0|0|0.000000|0.000000|0|0|0.000000|0.0|1|0|0|0|0.000000|0|0.000000|
1I|XLE|*|1145.0|1150.0|1|380|9|1147.000000|1142.220000|10432200|7300000|1143.362869|-0.43|1|-25|0|1|1140.320000|303|1150.000000|
1I|XLF|*|992.0|980.0|1|466|25|992.000000|967.140000|13520800|9240500|974.710000|1.22|1|37|0|9|970.010000|1|1013.000000|
1I|XLK|*|3637.0|3625.55|1|19657|20|3654.280000|3627.000000|8190400|9205400|3646.735271|0.32|1|79|0|2000|3626.010000|4000|3638.990000|
1I|XLV|*|3021.0|3069.44|1|4471|27|3025.370000|3010.710000|10233200|8062900|3016.979390|-1.58|1|-65|0|1|3003.370000|7200|3025.600000|
1A|XOM|*|2994.13|3006.0|1|106|16|2994.130000|2930.770000|7300000|9082400|2972.030472|-0.39|1|-21|0|1000|2970.010000|800|3047.990000|
1A|XYZ|*|1359.0|1359.0|1|0|0|0.000000|0.000000|0|0|0.000000|0.0|1|0|0|2400|1317.610000|5|1400.000000|
1A|ZM|*|1722.99|1722.99|1|0|0|0.000000|0.000000|0|0|0.000000|0.0|1|0|0|400|1669.010000|400|1710.650000|